Stream,Reach,Site,Year,Size,Length Break (mm),Marked Pass 1,Caught Pass 2,Recaptured Pass 2,Capture Efficiency,Site Pop Estimate,Site Variance,Site SE,Site CI Low,Site CI High,Sample Site Length (m),Fish per Meter,Reach Length (m),Reach Expansion Factor,Reach Pop Estimate,Reach Variance,Reach CI 95%,Reach CI High,Reach CI Low,Precision,Stream Pop Estimate,Stream Variance,Stream CI 95%,Stream CI High,Stream CI Low
Aeneas Creek,Aeneas 16-1,OBMEP-1606,2017,short,95,97,103,47,0.485,211,252.778,15.899,180.171,242.495,150,1.409,495,3.3,697,2752.75,102.835,800.235,594.565,0.075,697,2752.75,102.835,800.235,594.565
Aeneas Creek,Aeneas 16-1,OBMEP-1606,2017,long,95,23,18,12,0.522,34,12.72,3.567,27.087,41.067,150,0.227,495,3.3,112,138.523,23.068,135.522,89.385,0.105,112,138.523,23.068,135.522,89.385
Aeneas Creek,Aeneas 16-1,OBMEP-1606,2018,short,105,46,32,6,0.13,221,4114.898,64.147,94.842,346.3,150,1.47,495,3.3,728,44811.239,414.906,1142.792,312.98,0.291,728,44811.239,414.906,1142.792,312.98
Aeneas Creek,Aeneas 16-1,OBMEP-1606,2018,long,105,28,20,16,0.571,35,5.619,2.371,30.177,39.47,150,0.232,495,3.3,115,61.195,15.333,130.25,99.585,0.068,115,61.195,15.333,130.25,99.585
Aeneas Creek,Aeneas 16-1,OBMEP-1606,2019,long,105,9,7,6,0.667,10,0.612,0.782,8.895,11.962,145,0.072,495,3.414,36,7.135,5.235,40.836,30.366,0.075,36,7.135,5.235,40.836,30.366
Aeneas Creek,Aeneas 16-1,OBMEP-1606,2019,short,105,20,23,14,0.7,33,7.56,2.75,27.211,37.989,145,0.225,495,3.414,111,88.104,18.397,129.687,92.892,0.084,111,88.104,18.397,129.687,92.892
Aeneas Creek,Aeneas 16-1,OBMEP-1606,2020,short,105,51,52,22,0.431,119,188.856,13.743,91.891,145.761,145,0.819,495,3.414,406,2200.928,91.952,497.599,313.696,0.116,406,2200.928,91.952,497.599,313.696
Aeneas Creek,Aeneas 16-1,OBMEP-1606,2020,long,105,7,4,4,0.571,7,0,0,7,7,145,0.048,495,3.414,24,0,0,23.897,23.897,0,24,0,0,23.897,23.897
Aeneas Creek,Aeneas 16-1,OBMEP-1606,2021,long,100,3,4,3,1,4,0,0,4,4,157,0.025,495,3.153,13,0,0,12.611,12.611,0,13,0,0,12.611,12.611
Aeneas Creek,Aeneas 16-1,OBMEP-1606,2021,short,100,78,70,35,0.449,155,176.042,13.268,128.8,180.811,157,0.986,495,3.153,488,1749.953,81.992,570.073,406.09,0.086,488,1749.953,81.992,570.073,406.09
Antoine Creek,Antoine 16-1,OBMEP-551,2019,long,0,0,0,0,0,0,0,0,0,0,1,0,0,0,0,0,0,0,0,0,0,0,0,0,0
Antoine Creek,Antoine 16-1,OBMEP-551,2019,short,0,0,0,0,0,0,0,0,0,0,1,0,0,0,0,0,0,0,0,0,0,0,0,0,0
Antoine Creek,Antoine 16-1,OBMEP-551,2021,short,100,28,29,19,0.679,43,9.321,3.053,36.516,48.484,130,0.327,1507,11.592,493,1252.628,69.369,562.042,423.304,0.072,493,1252.628,69.369,562.042,423.304
Antoine Creek,Antoine 16-1,OBMEP-551,2021,long,100,6,4,3,0.5,8,1.313,1.146,5.505,9.995,130,0.06,1507,11.592,90,176.376,26.03,115.87,63.81,0.148,298,3921.709,122.742,420.943,175.459
Antoine Creek,Antoine 16-3,OBMEP-2103,2021,short,100,0,0,0,0,0,0,0,0,0,168,0,2968,17.667,0,0,0,0,0,0,493,1252.628,69.369,562.042,423.304
Antoine Creek,Antoine 16-3,OBMEP-2103,2021,long,100,3,1,0,0,7,12,3.464,0.21,13.79,168,0.042,2968,17.667,124,3745.333,119.95,243.617,3.716,0.495,298,3921.709,122.742,420.943,175.459
Antoine Creek,Antoine 16-5,OBMEP-1608,2021,short,100,0,0,0,0,0,0,0,0,0,121,0,2562,21.174,0,0,0,0,0,0,493,1252.628,69.369,562.042,423.304
Antoine Creek,Antoine 16-5,OBMEP-1608,2021,long,100,4,3,3,0.75,4,0,0,4,4,121,0.033,2562,21.174,85,0,0,84.694,84.694,0,298,3921.709,122.742,420.943,175.459
Antoine Creek (Upper),,OBMEP-2101,2021,long,80,48,60,30,0.625,95,52.486,7.245,81.22,109.619,90,1.06,4000,44.444,4241,103676.726,631.098,4871.958,3609.762,0.076,12930,427179.676,1281.036,14210.596,11648.524
Antoine Creek (Upper),,OBMEP-2101,2021,short,80,39,25,7,0.179,129,1040,32.249,65.792,192.208,90,1.433,4000,44.444,5733,2054320.988,2809.249,8542.582,2924.084,0.25,16152,9733614.616,6114.953,22266.708,10036.801
Antoine Creek (Upper),,OBMEP-2102,2021,long,80,58,51,33,0.569,89,34.123,5.841,77.786,100.685,76,1.174,7400,97.368,8689,323502.95,1114.795,9803.495,7573.904,0.065,12930,427179.676,1281.036,14210.596,11648.524
Antoine Creek (Upper),,OBMEP-2102,2021,short,80,26,27,6,0.231,107,810,28.46,51.217,162.783,76,1.408,7400,97.368,10418,7679293.629,5431.462,15849.883,4986.96,0.266,16152,9733614.616,6114.953,22266.708,10036.801
Bonaparte Creek,Bonaparte 16-1,OBMEP-388,2017,long,95,21,19,11,0.524,36,18.803,4.336,27.168,44.166,145,0.246,1776,12.248,437,2820.894,104.1,540.955,332.755,0.122,437,2820.894,104.1,540.955,332.755
Bonaparte Creek,Bonaparte 16-1,OBMEP-388,2017,short,95,8,5,2,0.25,17,27,5.196,6.816,27.184,145,0.117,1776,12.248,208,4050.547,124.742,332.963,83.479,0.306,208,4050.547,124.742,332.963,83.479
Bonaparte Creek,Bonaparte 16-1,OBMEP-388,2018,long,105,24,19,16,0.667,28,2.307,1.519,25.435,31.389,145,0.196,1776,12.248,348,346.067,36.462,384.457,311.533,0.053,348,346.067,36.462,384.457,311.533
Bonaparte Creek,Bonaparte 16-1,OBMEP-388,2018,short,105,33,33,20,0.606,54,20.136,4.487,45.252,62.843,145,0.373,1776,12.248,662,3020.878,107.727,769.717,554.264,0.083,662,3020.878,107.727,769.717,554.264
Bonaparte Creek,Bonaparte 16-1,OBMEP-388,2019,short,105,47,46,8,0.17,250,4127.644,64.247,123.743,375.59,142,1.758,1776,12.507,3123,645671.347,1574.932,4697.524,1547.659,0.257,3123,645671.347,1574.932,4697.524,1547.659
Bonaparte Creek,Bonaparte 16-1,OBMEP-388,2019,long,105,27,17,11,0.407,41,25.846,5.084,31.036,50.964,142,0.289,1776,12.507,513,4043.013,124.626,637.415,388.163,0.124,513,4043.013,124.626,637.415,388.163
Bonaparte Creek,Bonaparte 16-1,OBMEP-388,2020,short,95,37,28,18,0.486,57,29,5.385,46.445,67.555,151,0.377,1776,11.762,670,4011.715,124.143,794.553,546.268,0.094,670,4011.715,124.143,794.553,546.268
Bonaparte Creek,Bonaparte 16-1,OBMEP-388,2020,long,95,82,77,58,0.707,109,14.135,3.76,101.36,116.098,151,0.72,1776,11.762,1279,1955.304,86.669,1365.493,1192.155,0.035,1279,1955.304,86.669,1365.493,1192.155
Bonaparte Creek,Bonaparte 16-1,OBMEP-388,2021,short,95,134,107,53,0.396,269,397.636,19.941,229.916,308.084,150,1.793,1776,11.84,3185,55742.892,462.755,3647.715,2722.205,0.074,3185,55742.892,462.755,3647.715,2722.205
Bonaparte Creek,Bonaparte 16-1,OBMEP-388,2021,long,95,23,28,14,0.609,45,24.36,4.936,35.726,55.074,150,0.303,1776,11.84,538,3414.921,114.537,652.073,422.999,0.109,538,3414.921,114.537,652.073,422.999
Loup Loup Creek,Loup Loup 16-1,OBMEP-421,2017,long,95,31,28,18,0.581,48,16.709,4.088,39.83,55.854,95,0.504,1250,13.158,630,2892.857,105.419,734.921,524.082,0.085,2680,20370.143,279.739,2960.075,2400.597
Loup Loup Creek,Loup Loup 16-1,OBMEP-421,2017,short,95,19,8,5,0.263,29,30,5.477,18.265,39.735,95,0.305,1250,13.158,382,5193.906,141.255,522.834,240.324,0.189,728,8523.864,180.957,909.373,547.46
Loup Loup Creek,Loup Loup 16-1,OBMEP-421,2018,short,105,36,33,18,0.5,65,47.044,6.859,51.767,78.654,95,0.686,1250,13.158,858,8144.792,176.887,1034.92,681.146,0.105,1862,30607.465,342.902,2204.673,1518.869
Loup Loup Creek,Loup Loup 16-1,OBMEP-421,2018,long,105,12,8,4,0.333,22,24.96,4.996,12.608,32.192,95,0.236,1250,13.158,295,4321.33,128.844,423.581,165.893,0.223,1288,10136.444,197.333,1485.37,1090.705
Loup Loup Creek,Loup Loup 16-1,OBMEP-421,2019,long,105,16,21,9,0.563,36,28.56,5.344,25.925,46.875,137,0.266,1250,9.124,332,2377.591,95.571,427.687,236.546,0.147,601,3054.49,108.324,709.106,492.458
Loup Loup Creek,Loup Loup 16-1,OBMEP-421,2019,short,105,82,91,49,0.598,152,83.008,9.111,133.863,169.577,137,1.107,1250,9.124,1384,6910.315,162.931,1547.238,1221.375,0.06,4992,29684.438,337.692,5329.239,4653.856
Loup Loup Creek,Loup Loup 16-1,OBMEP-421,2020,short,100,36,25,13,0.361,68,90.31,9.503,49.088,86.34,84,0.806,1250,14.881,1008,19998.539,277.176,1284.829,730.477,0.14,4839,41069.583,397.206,5236.019,4441.607
Loup Loup Creek,Loup Loup 16-1,OBMEP-421,2020,long,100,27,23,18,0.667,34,4.188,2.047,30.357,38.38,84,0.409,1250,14.881,511,927.483,59.691,571.126,451.744,0.06,1681,1913.22,85.731,1767.105,1595.643
Loup Loup Creek,Loup Loup 16-1,OBMEP-421,2021,short,115,108,110,69,0.639,172,55.609,7.457,157.227,186.459,150,1.146,1250,8.333,1432,3861.722,121.8,1553.824,1310.224,0.043,6435,63884.004,495.396,6930.713,5939.921
Loup Loup Creek,Loup Loup 16-1,OBMEP-421,2021,long,115,12,12,9,0.75,16,1.383,1.176,13.595,18.205,150,0.106,1250,8.333,133,96.023,19.206,151.706,113.294,0.074,1223,797.698,55.357,1277.883,1167.168
Loup Loup Creek,Loup Loup 16-2,OBMEP-1222,2017,short,95,15,13,6,0.4,31,36,6,19.24,42.76,140,0.221,1250,8.929,277,2869.898,105,381.786,171.786,0.194,728,8523.864,180.957,909.373,547.46
Loup Loup Creek,Loup Loup 16-2,OBMEP-1222,2017,long,95,60,61,28,0.467,129,158.295,12.582,104.754,154.074,140,0.924,1250,8.929,1155,12619.209,220.177,1375.657,935.303,0.097,2680,20370.143,279.739,2960.075,2400.597
Loup Loup Creek,Loup Loup 16-2,OBMEP-1222,2018,short,105,19,24,8,0.421,55,108.642,10.423,34.126,74.985,140,0.39,1250,8.929,487,8660.872,182.405,669.508,304.698,0.191,1862,30607.465,342.902,2204.673,1518.869
Loup Loup Creek,Loup Loup 16-2,OBMEP-1222,2018,long,105,17,13,9,0.529,24,7.331,2.708,18.893,29.507,140,0.173,1250,8.929,216,584.416,47.382,263.454,168.689,0.112,1288,10136.444,197.333,1485.37,1090.705
Loup Loup Creek,Loup Loup 16-2,OBMEP-1222,2019,long,105,1,0,0,0,1,0,0,1,1,106,0.009,1250,11.792,12,0,0,11.792,11.792,0,601,3054.49,108.324,709.106,492.458
Loup Loup Creek,Loup Loup 16-2,OBMEP-1222,2019,short,105,75,79,46,0.613,128,54.876,7.408,113.842,142.881,106,1.211,1250,11.792,1514,7631.095,171.218,1684.917,1342.481,0.058,4992,29684.438,337.692,5329.239,4653.856
Loup Loup Creek,Loup Loup 16-2,OBMEP-1222,2020,short,100,80,66,37,0.463,142,120.17,10.962,120.33,163.302,108,1.313,1250,11.574,1641,16097.817,248.679,1890.066,1392.707,0.077,4839,41069.583,397.206,5236.019,4441.607
Loup Loup Creek,Loup Loup 16-2,OBMEP-1222,2020,long,100,8,8,7,0.875,9,0.141,0.375,8.39,9.86,108,0.084,1250,11.574,106,18.838,8.507,114.12,97.106,0.041,1681,1913.22,85.731,1767.105,1595.643
Loup Loup Creek,Loup Loup 16-2,OBMEP-1222,2021,short,115,108,129,50,0.463,277,480.044,21.91,233.9,319.787,118,2.346,1250,10.593,2933,53868.794,454.909,3387.57,2477.751,0.079,6435,63884.004,495.396,6930.713,5939.921
Loup Loup Creek,Loup Loup 16-2,OBMEP-1222,2021,long,115,9,13,9,1,13,0,0,13,13,118,0.11,1250,10.593,138,0,0,137.712,137.712,0,1223,797.698,55.357,1277.883,1167.168
Loup Loup Creek,Loup Loup 16-3,OBMEP-1225,2017,short,95,5,2,1,0.2,8,6,2.449,3.199,12.801,115,0.07,1007,8.757,70,460.06,42.04,112.092,28.012,0.306,728,8523.864,180.957,909.373,547.46
Loup Loup Creek,Loup Loup 16-3,OBMEP-1225,2017,long,95,55,58,31,0.564,102,63.358,7.96,86.649,117.851,115,0.889,1007,8.757,895,4858.077,136.612,1031.966,758.743,0.078,2680,20370.143,279.739,2960.075,2400.597
Loup Loup Creek,Loup Loup 16-3,OBMEP-1225,2018,short,105,27,14,6,0.222,59,180,13.416,32.704,85.296,115,0.513,1007,8.757,517,13801.801,230.263,746.898,286.372,0.227,1862,30607.465,342.902,2204.673,1518.869
Loup Loup Creek,Loup Loup 16-3,OBMEP-1225,2018,long,105,43,50,24,0.558,89,68.218,8.259,72.572,104.948,115,0.772,1007,8.757,777,5230.699,141.754,918.983,635.475,0.093,1288,10136.444,197.333,1485.37,1090.705
Loup Loup Creek,Loup Loup 16-3,OBMEP-1225,2019,long,105,30,16,12,0.4,40,16.037,4.005,31.689,47.388,155,0.255,1007,6.497,257,676.899,50.994,307.866,205.879,0.101,601,3054.49,108.324,709.106,492.458
Loup Loup Creek,Loup Loup 16-3,OBMEP-1225,2019,short,105,183,129,73,0.399,322,358.771,18.941,285.118,359.368,155,2.079,1007,6.497,2094,15143.028,241.192,2334.733,1852.35,0.059,4992,29684.438,337.692,5329.239,4653.856
Loup Loup Creek,Loup Loup 16-3,OBMEP-1225,2020,short,100,220,218,136,0.618,352,128.709,11.345,330.041,374.514,162,2.175,1007,6.216,2190,4973.226,138.221,2327.995,2051.552,0.032,4839,41069.583,397.206,5236.019,4441.607
Loup Loup Creek,Loup Loup 16-3,OBMEP-1225,2020,long,100,123,124,89,0.724,171,25.024,5.002,161.418,181.027,162,1.057,1007,6.216,1064,966.899,60.946,1125.272,1003.38,0.029,1681,1913.22,85.731,1767.105,1595.643
Loup Loup Creek,Loup Loup 16-3,OBMEP-1225,2021,short,115,180,163,104,0.578,282,113.895,10.672,260.787,302.622,137,2.056,1007,7.35,2071,6153.488,153.751,2224.383,1916.882,0.038,6435,63884.004,495.396,6930.713,5939.921
Loup Loup Creek,Loup Loup 16-3,OBMEP-1225,2021,long,115,95,101,74,0.779,130,12.987,3.604,122.497,136.623,137,0.946,1007,7.35,952,701.675,51.919,1004.232,900.395,0.028,1223,797.698,55.357,1277.883,1167.168
Loup Loup Creek (Upper),,OBMEP-2104,2021,long,80,101,91,62,0.614,148,41.782,6.464,135.283,160.622,178,0.831,9900,55.618,8229,129246.834,704.638,8933.45,7524.174,0.044,8229,129246.834,704.638,8933.45,7524.174
Loup Loup Creek (Upper),,OBMEP-2104,2021,short,80,27,24,10,0.37,63,114.738,10.712,41.642,83.631,178,0.352,9900,55.618,3484,354926.777,1167.684,4651.392,2316.024,0.171,3484,354926.777,1167.684,4651.392,2316.024
Ninemile Creek,Ninemile 16-1,OBMEP-1205,2017,short,95,7,5,2,0.286,15,20,4.472,6.235,23.765,130,0.115,1750,13.462,202,3624.26,117.996,319.919,83.927,0.298,5304,809034.838,1762.949,7067.113,3541.216
Ninemile Creek,Ninemile 16-1,OBMEP-1205,2017,long,95,12,5,4,0.333,15,4.16,2.04,10.602,18.598,130,0.112,1750,13.462,197,753.846,53.814,250.353,142.724,0.14,6926,115671.817,666.607,7593.073,6259.859
Ninemile Creek,Ninemile 16-1,OBMEP-1205,2018,long,105,10,9,9,0.9,10,0,0,10,10,130,0.077,1750,13.462,135,0,0,134.615,134.615,0,3454,30102.317,340.06,3794.346,3114.226
Ninemile Creek,Ninemile 16-1,OBMEP-1205,2018,short,105,28,26,16,0.571,45,18.062,4.25,36.729,53.389,130,0.347,1750,13.462,607,3273.121,112.134,718.695,494.427,0.094,3992,65182.368,500.404,4492.785,3491.976
Ninemile Creek,Ninemile 16-1,OBMEP-1205,2019,long,105,13,12,9,0.692,17,1.985,1.409,14.438,19.962,139,0.124,1750,12.59,217,314.707,34.77,251.317,181.776,0.082,4585,38278.256,383.471,4968.337,4201.395
Ninemile Creek,Ninemile 16-1,OBMEP-1205,2019,short,105,320,328,136,0.425,770,1440.455,37.953,695.48,844.257,139,5.539,1750,12.59,9693,228321.21,936.546,10629.137,8756.044,0.049,11244,344471.001,1150.356,12394.781,10094.068
Ninemile Creek,Ninemile 16-1,OBMEP-1205,2020,long,95,32,37,27,0.844,44,2.758,1.661,40.531,47.041,140,0.313,1750,12.5,547,430.897,40.686,588.007,506.636,0.038,2847,6122.786,153.367,3000.471,2693.738
Ninemile Creek,Ninemile 16-1,OBMEP-1205,2020,short,95,136,113,38,0.279,399,1886.79,43.437,314.325,484.598,140,2.853,1750,12.5,4993,294810.928,1064.211,6057.481,3929.058,0.109,5261,304279.617,1081.166,6342.03,4179.698
Ninemile Creek,Ninemile 16-1,OBMEP-1205,2021,short,95,283,189,92,0.325,579,1229.655,35.066,510.485,647.945,125,4.634,1750,14,8109,241012.387,962.223,9071.234,7146.788,0.061,17109,1502892.6,2402.813,19511.415,14705.788
Ninemile Creek,Ninemile 16-1,OBMEP-1205,2021,long,95,7,9,7,1,9,0,0,9,9,125,0.072,1750,14,126,0,0,126,126,0,1814,10540.872,201.231,2014.832,1612.371
Ninemile Creek,Ninemile 16-5,OBMEP-121,2017,long,95,146,149,80,0.548,271,186.646,13.662,244.445,297.999,150,1.808,3722,24.813,6730,114917.971,664.431,7394.359,6065.496,0.05,6926,115671.817,666.607,7593.073,6259.859
Ninemile Creek,Ninemile 16-5,OBMEP-121,2017,short,95,57,56,15,0.263,206,1308.119,36.168,134.736,276.514,150,1.371,3722,24.813,5102,805410.578,1758.996,6861.237,3343.246,0.176,5304,809034.838,1762.949,7067.113,3541.216
Ninemile Creek,Ninemile 16-5,OBMEP-121,2018,long,105,89,81,52,0.584,138,52.205,7.225,124.084,152.407,155,0.892,3722,24.013,3320,30102.317,340.06,3659.731,2979.61,0.052,3454,30102.317,340.06,3794.346,3114.226
Ninemile Creek,Ninemile 16-5,OBMEP-121,2018,short,105,79,70,39,0.494,141,107.366,10.362,120.691,161.309,155,0.91,3722,24.013,3386,61909.247,487.679,3873.498,2898.141,0.073,3992,65182.368,500.404,4492.785,3491.976
Ninemile Creek,Ninemile 16-5,OBMEP-121,2019,long,85,116,110,70,0.603,182,65.838,8.114,166.012,197.819,155,1.174,3722,24.013,4368,37963.549,381.891,4750.21,3986.428,0.045,4585,38278.256,383.471,4968.337,4201.395
Ninemile Creek,Ninemile 16-5,OBMEP-121,2019,short,85,24,20,7,0.292,65,201.432,14.193,36.807,92.443,155,0.417,3722,24.013,1552,116149.791,667.983,2219.817,883.851,0.22,11244,344471.001,1150.356,12394.781,10094.068
Ninemile Creek,Ninemile 16-5,OBMEP-121,2020,long,95,76,66,53,0.697,95,9.618,3.101,88.458,100.616,153,0.618,3722,24.327,2300,5691.888,147.871,2447.655,2151.912,0.033,2847,6122.786,153.367,3000.471,2693.738
Ninemile Creek,Ninemile 16-5,OBMEP-121,2020,short,95,5,3,1,0.2,11,16,4,3.16,18.84,153,0.072,3722,24.327,268,9468.689,190.722,458.317,76.873,0.364,5261,304279.617,1081.166,6342.03,4179.698
Ninemile Creek,Ninemile 16-5,OBMEP-121,2021,short,95,115,108,31,0.27,394,2420.141,49.195,297.703,490.547,163,2.418,3722,22.834,9000,1261880.213,2201.735,11201.326,6797.855,0.125,17109,1502892.6,2402.813,19511.415,14705.788
Ninemile Creek,Ninemile 16-5,OBMEP-121,2021,long,95,46,50,31,0.674,74,20.216,4.496,65.094,82.719,163,0.453,3722,22.834,1688,10540.872,201.231,1888.832,1486.371,0.061,1814,10540.872,201.231,2014.832,1612.371
Omak Creek (above Mission Falls),Omak 16-10,OBMEP-366,2017,long,95,58,59,36,0.621,95,34.432,5.868,83.175,106.177,143,0.662,2100,14.685,1390,7425.629,168.897,1559.239,1221.445,0.062,16820,701953.964,1642.141,18461.967,15177.686
Omak Creek (above Mission Falls),Omak 16-10,OBMEP-366,2017,short,95,27,24,12,0.444,53,53.254,7.298,38.543,67.149,143,0.37,2100,14.685,776,11484.77,210.047,986.11,566.015,0.138,10510,4838698.802,4311.42,14821.763,6198.922
Omak Creek (above Mission Falls),Omak 16-10,OBMEP-366,2018,short,105,26,30,12,0.462,63,89.148,9.442,44.879,81.891,143,0.443,2100,14.685,931,19225.506,271.766,1202.589,659.057,0.149,30212,11280610.52,6582.978,36795.397,23629.442
Omak Creek (above Mission Falls),Omak 16-10,OBMEP-366,2018,long,105,33,31,15,0.455,67,72,8.485,50.369,83.631,143,0.469,2100,14.685,984,15527.41,244.234,1228.15,739.682,0.127,13330,880139.88,1838.789,15168.717,11491.139
Omak Creek (above Mission Falls),Omak 16-10,OBMEP-366,2019,short,105,175,127,39,0.223,562,4109.986,64.109,436.546,687.854,364,1.545,2100,5.769,3243,136796.884,724.927,3968.388,2518.535,0.114,17903,1059884.283,2017.833,19921.309,15885.642
Omak Creek (above Mission Falls),Omak 16-10,OBMEP-366,2019,long,105,77,60,28,0.364,163,295.701,17.196,129.365,196.773,364,0.448,2100,5.769,941,9842.129,194.447,1135.229,746.336,0.105,11340,220710.16,920.804,12261.302,10419.693
Omak Creek (above Mission Falls),Omak 16-10,OBMEP-366,2021,short,100,23,26,13,0.565,45,28.653,5.353,34.794,55.777,173,0.262,2100,12.139,550,4221.992,127.355,677.066,422.356,0.118,5539,853321.337,1810.558,7349.473,3728.357
Omak Creek (above Mission Falls),Omak 16-10,OBMEP-366,2021,long,100,39,38,24,0.615,61,20.16,4.49,52.6,70.2,173,0.355,2100,12.139,745,2970.55,106.825,852.143,638.493,0.073,7675,397703.391,1236.049,8910.687,6438.588
Omak Creek (above Mission Falls),Omak 16-11,OBMEP-048,2017,long,95,57,46,20,0.351,129,270.296,16.441,96.586,161.033,155,0.831,4290,27.677,3565,207057.44,891.87,4456.985,2673.245,0.128,16820,701953.964,1642.141,18461.967,15177.686
Omak Creek (above Mission Falls),Omak 16-11,OBMEP-048,2017,short,95,31,25,7,0.226,103,624,24.98,54.039,151.961,155,0.665,4290,27.677,2851,478008.674,1355.108,4205.882,1495.666,0.243,10510,4838698.802,4311.42,14821.763,6198.922
Omak Creek (above Mission Falls),Omak 16-11,OBMEP-048,2018,short,105,41,36,9,0.22,154,1220.596,34.937,85.923,222.877,155,0.996,4290,27.677,4273,935025.079,1895.255,6168.649,2378.138,0.226,30212,11280610.52,6582.978,36795.397,23629.442
Omak Creek (above Mission Falls),Omak 16-11,OBMEP-048,2018,long,105,35,32,21,0.6,53,16.435,4.054,45.054,60.946,155,0.342,4290,27.677,1467,12589.693,219.919,1686.823,1246.984,0.076,13330,880139.88,1838.789,15168.717,11491.139
Omak Creek (above Mission Falls),Omak 16-11,OBMEP-048,2019,short,105,22,30,7,0.318,88,427.057,20.665,47.621,128.629,161,0.547,4290,26.646,2348,303213.807,1079.271,3427.447,1268.904,0.235,17903,1059884.283,2017.833,19921.309,15885.642
Omak Creek (above Mission Falls),Omak 16-11,OBMEP-048,2019,long,105,49,39,22,0.449,86,72.306,8.503,69.29,102.623,161,0.534,4290,26.646,2290,51337.959,444.094,2734.489,1846.3,0.099,11340,220710.16,920.804,12261.302,10419.693
Omak Creek (above Mission Falls),Omak 16-11,OBMEP-048,2020,short,100,50,41,19,0.38,106,173.91,13.187,80.253,131.947,166,0.639,36339,218.91,23226,8334015.866,5658.264,28884.577,17568.048,0.124,23226,8334015.866,5658.264,28884.577,17568.048
Omak Creek (above Mission Falls),Omak 16-11,OBMEP-048,2020,long,100,46,51,30,0.652,78,26.703,5.168,67.71,87.967,166,0.469,36339,218.91,17040,1279666.734,2217.198,19256.842,14822.446,0.066,17040,1279666.734,2217.198,19256.842,14822.446
Omak Creek (above Mission Falls),Omak 16-11,OBMEP-048,2021,long,100,43,47,15,0.349,131,434.824,20.852,90.129,171.871,165,0.794,4290,26,3406,293940.706,1062.639,4468.639,2343.361,0.159,7675,397703.391,1236.049,8910.687,6438.588
Omak Creek (above Mission Falls),Omak 16-11,OBMEP-048,2021,short,100,28,24,8,0.286,80,286.42,16.924,46.385,112.726,165,0.482,4290,26,2068,193619.753,862.444,2930.888,1206,0.213,5539,853321.337,1810.558,7349.473,3728.357
Omak Creek (above Mission Falls),Omak 16-12,OBMEP-1210,2017,long,95,27,15,7,0.259,55,124.444,11.155,33.135,76.865,160,0.344,6018,37.613,2069,176051.575,822.387,2891.074,1246.301,0.203,16820,701953.964,1642.141,18461.967,15177.686
Omak Creek (above Mission Falls),Omak 16-12,OBMEP-1210,2017,short,95,8,7,1,0.125,35,252,15.875,3.886,66.114,160,0.219,6018,37.613,1316,356504.439,1170.277,2486.714,146.161,0.454,10510,4838698.802,4311.42,14821.763,6198.922
Omak Creek (above Mission Falls),Omak 16-12,OBMEP-1210,2018,short,105,29,38,6,0.207,166,2196.735,46.869,74.279,258.007,165,1.007,6018,36.473,6060,2922227.931,3350.527,9410.21,2709.156,0.282,30212,11280610.52,6582.978,36795.397,23629.442
Omak Creek (above Mission Falls),Omak 16-12,OBMEP-1210,2018,long,105,13,18,11,0.846,21,1.989,1.41,18.402,23.931,165,0.128,6018,36.473,772,2646.307,100.827,872.833,671.179,0.067,13330,880139.88,1838.789,15168.717,11491.139
Omak Creek (above Mission Falls),Omak 16-12,OBMEP-1210,2019,short,105,33,29,16,0.485,59,43.333,6.583,46.098,71.902,165,0.358,6014,36.448,2150,57567.989,470.269,2620.73,1680.191,0.112,17903,1059884.283,2017.833,19921.309,15885.642
Omak Creek (above Mission Falls),Omak 16-12,OBMEP-1210,2019,long,105,32,25,17,0.531,47,16.725,4.09,38.651,54.682,165,0.283,6014,36.448,1701,22219.224,292.16,1993.089,1408.769,0.088,11340,220710.16,920.804,12261.302,10419.693
Omak Creek (above Mission Falls),Omak 16-12,OBMEP-1210,2021,short,100,5,5,0,0,35,450,21.213,-6.578,76.578,170,0.206,6018,35.4,1239,563922,1471.857,2710.857,-232.857,0.606,5539,853321.337,1810.558,7349.473,3728.357
Omak Creek (above Mission Falls),Omak 16-12,OBMEP-1210,2021,long,100,12,21,7,0.583,35,34.757,5.896,23.195,46.305,170,0.204,6018,35.4,1230,43556.012,409.054,1639.204,821.096,0.17,7675,397703.391,1236.049,8910.687,6438.588
Omak Creek (above Mission Falls),Omak 16-15,OBMEP-334,2017,long,95,8,14,5,0.625,22,14.464,3.803,14.046,28.954,130,0.165,6966,53.585,1152,41531.463,399.434,1551.503,752.636,0.177,16820,701953.964,1642.141,18461.967,15177.686
Omak Creek (above Mission Falls),Omak 16-15,OBMEP-334,2017,short,95,9,14,1,0.111,74,1300,36.056,3.331,144.669,130,0.569,6966,53.585,3965,3732704.308,3786.761,7752.022,178.501,0.487,10510,4838698.802,4311.42,14821.763,6198.922
Omak Creek (above Mission Falls),Omak 16-15,OBMEP-334,2018,short,105,55,41,10,0.182,213,2259.669,47.536,119.648,305.989,130,1.637,6966,53.585,11404,6488213.68,4992.507,16396.287,6411.274,0.223,30212,11280610.52,6582.978,36795.397,23629.442
Omak Creek (above Mission Falls),Omak 16-15,OBMEP-334,2018,long,105,37,39,14,0.378,100,242.778,15.581,69.794,130.873,130,0.772,6966,53.585,5376,697090.505,1636.442,7012.765,3739.881,0.155,13330,880139.88,1838.789,15168.717,11491.139
Omak Creek (above Mission Falls),Omak 16-15,OBMEP-334,2019,short,105,19,28,11,0.579,47,42.137,6.491,34.61,60.056,128,0.37,6966,54.422,2576,124798.124,692.405,3268.374,1883.564,0.137,17903,1059884.283,2017.833,19921.309,15885.642
Omak Creek (above Mission Falls),Omak 16-15,OBMEP-334,2019,long,105,4,4,1,0.25,12,18.75,4.33,3.013,19.987,128,0.09,6966,54.422,626,55532.634,461.881,1087.733,163.97,0.377,11340,220710.16,920.804,12261.302,10419.693
Omak Creek (above Mission Falls),Omak 16-15,OBMEP-334,2021,short,100,4,2,0,0,14,60,7.746,-1.182,29.182,201,0.07,6966,34.657,485,72065.28,526.162,1011.356,-40.968,0.553,5539,853321.337,1810.558,7349.473,3728.357
Omak Creek (above Mission Falls),Omak 16-15,OBMEP-334,2021,long,100,7,3,1,0.143,15,32,5.657,3.913,26.087,201,0.075,6966,34.657,520,38434.816,384.254,904.105,135.597,0.377,7675,397703.391,1236.049,8910.687,6438.588
Omak Creek (above Mission Falls),Omak 16-16,OBMEP-1209,2018,short,105,1,0,0,0,1,0,0,1,1,75,0.013,4191,55.88,56,0,0,55.88,55.88,0,30212,11280610.52,6582.978,36795.397,23629.442
Omak Creek (above Mission Falls),Omak 16-16,OBMEP-1209,2018,long,105,0,0,0,0,0,0,0,0,0,75,0,4191,55.88,0,0,0,0,0,0,13330,880139.88,1838.789,15168.717,11491.139
Omak Creek (above Mission Falls),Omak 16-6,OBMEP-361,2017,long,95,70,73,41,0.586,124,64.279,8.017,108.381,139.809,195,0.636,4575,23.462,2911,35382.131,368.679,3280.144,2542.786,0.065,16820,701953.964,1642.141,18461.967,15177.686
Omak Creek (above Mission Falls),Omak 16-6,OBMEP-361,2017,short,95,0,6,0,0,6,0,0,6,6,195,0.031,4575,23.462,141,0,0,140.769,140.769,0,10510,4838698.802,4311.42,14821.763,6198.922
Omak Creek (above Mission Falls),Omak 16-6,OBMEP-361,2018,short,105,42,35,15,0.357,96,192.077,13.859,68.586,122.914,195,0.491,4575,23.462,2246,105727.705,637.31,2883.752,1609.133,0.145,30212,11280610.52,6582.978,36795.397,23629.442
Omak Creek (above Mission Falls),Omak 16-6,OBMEP-361,2018,long,105,37,26,11,0.297,85,213.75,14.62,55.844,113.156,195,0.433,4575,23.462,1983,117657.359,672.304,2654.804,1310.196,0.173,13330,880139.88,1838.789,15168.717,11491.139
Omak Creek (above Mission Falls),Omak 16-6,OBMEP-361,2019,short,105,38,51,18,0.474,106,185.385,13.616,79.05,132.423,195,0.542,4575,23.462,2481,102044.044,626.109,3106.858,1854.64,0.129,17903,1059884.283,2017.833,19921.309,15885.642
Omak Creek (above Mission Falls),Omak 16-6,OBMEP-361,2019,long,105,44,48,23,0.523,91,80.391,8.966,73.301,108.449,195,0.466,4575,23.462,2132,44250.52,412.302,2544.369,1719.765,0.099,11340,220710.16,920.804,12261.302,10419.693
Omak Creek (above Mission Falls),Omak 16-6,OBMEP-361,2021,short,100,21,15,9,0.429,34,23.04,4.8,24.792,43.608,198,0.173,4575,23.106,790,12300.826,217.382,1007.609,572.845,0.14,5539,853321.337,1810.558,7349.473,3728.357
Omak Creek (above Mission Falls),Omak 16-6,OBMEP-361,2021,long,100,17,13,9,0.529,24,7.331,2.708,18.893,29.507,198,0.122,4575,23.106,559,3913.899,122.62,681.787,436.547,0.112,7675,397703.391,1236.049,8910.687,6438.588
Omak Creek (above Mission Falls),Omak 16-7,OBMEP-345,2018,short,105,62,54,14,0.226,230,1848,42.988,145.743,314.257,195,1.179,2700,13.846,3185,354291.124,1166.638,4351.254,2017.977,0.187,30212,11280610.52,6582.978,36795.397,23629.442
Omak Creek (above Mission Falls),Omak 16-7,OBMEP-345,2018,long,105,46,51,28,0.609,83,40.104,6.333,70.864,95.688,195,0.427,2700,13.846,1153,7688.517,171.861,1324.911,981.189,0.076,13330,880139.88,1838.789,15168.717,11491.139
Omak Creek (above Mission Falls),Omak 16-7,OBMEP-345,2019,short,105,97,91,50,0.515,176,128.455,11.334,153.57,197.999,195,0.901,2700,13.846,2434,24626.927,307.582,2741.519,2126.354,0.064,17903,1059884.283,2017.833,19921.309,15885.642
Omak Creek (above Mission Falls),Omak 16-7,OBMEP-345,2019,long,105,52,63,32,0.615,102,56.799,7.537,87.016,116.559,195,0.522,2700,13.846,1409,10889.277,204.529,1613.9,1204.841,0.074,11340,220710.16,920.804,12261.302,10419.693
Omak Creek (above Mission Falls),Omak 16-8,OBMEP-1602,2017,long,95,60,56,30,0.5,111,88.191,9.391,92.755,129.568,159,0.699,8199,51.566,5732,234505.726,949.146,6681.293,4783.002,0.084,16820,701953.964,1642.141,18461.967,15177.686
Omak Creek (above Mission Falls),Omak 16-8,OBMEP-1602,2017,short,95,10,7,2,0.2,28,97.778,9.888,8.952,47.714,159,0.178,8199,51.566,1461,259996.611,999.401,2460.439,461.636,0.349,10510,4838698.802,4311.42,14821.763,6198.922
Omak Creek (above Mission Falls),Omak 16-8,OBMEP-1602,2018,short,105,10,21,3,0.3,60,381.15,19.523,21.235,97.765,159,0.374,5499,34.585,2058,455899.499,1323.398,3381.2,734.403,0.328,30212,11280610.52,6582.978,36795.397,23629.442
Omak Creek (above Mission Falls),Omak 16-8,OBMEP-1602,2018,long,105,28,25,15,0.536,46,22.523,4.746,36.823,55.427,159,0.29,5499,34.585,1595,26940.087,321.703,1916.932,1273.525,0.103,13330,880139.88,1838.789,15168.717,11491.139
Omak Creek (above Mission Falls),Omak 16-8,OBMEP-1602,2019,short,105,31,21,8,0.258,77,259.872,16.121,45.626,108.818,159,0.486,5499,34.585,2671,310836.507,1092.753,3763.476,1577.97,0.209,17903,1059884.283,2017.833,19921.309,15885.642
Omak Creek (above Mission Falls),Omak 16-8,OBMEP-1602,2019,long,105,46,34,24,0.522,65,22.271,4.719,55.55,74.05,159,0.408,5499,34.585,2241,26638.417,319.897,2560.999,1921.205,0.073,11340,220710.16,920.804,12261.302,10419.693
Omak Creek (above Mission Falls),Omak 16-8,OBMEP-1602,2021,short,100,6,6,3,0.5,11,5.513,2.348,6.648,15.852,227,0.05,8199,36.119,406,7191.486,166.213,572.551,240.125,0.209,5539,853321.337,1810.558,7349.473,3728.357
Omak Creek (above Mission Falls),Omak 16-8,OBMEP-1602,2021,long,100,24,17,12,0.5,34,11.412,3.378,26.994,40.236,227,0.148,8199,36.119,1214,14887.408,239.147,1453.3,975.005,0.1,7675,397703.391,1236.049,8910.687,6438.588
Omak Creek (below Mission Falls),Omak 16-1,OBMEP-545,2017,long,95,38,40,29,0.763,52,5.674,2.382,47.631,56.969,170,0.308,2050,12.059,631,825.067,56.299,686.975,574.377,0.046,7264,171643.288,812.025,8076.495,6452.445
Omak Creek (below Mission Falls),Omak 16-1,OBMEP-545,2017,short,95,0,0,0,0,0,0,0,0,0,170,0,2050,12.059,0,0,0,0,0,0,3976,775644.019,1726.185,5702.458,2250.089
Omak Creek (below Mission Falls),Omak 16-1,OBMEP-545,2018,long,105,7,3,1,0.143,15,32,5.657,3.913,26.087,170,0.088,2050,12.059,181,4653.287,133.701,314.584,47.181,0.377,3101,463844.808,1334.881,4435.669,1765.908
Omak Creek (below Mission Falls),Omak 16-1,OBMEP-545,2018,short,105,0,0,0,0,0,0,0,0,0,170,0,2050,12.059,0,0,0,0,0,0,9360,1200456.876,2147.481,11507.06,7212.098
Omak Creek (below Mission Falls),Omak 16-1,OBMEP-545,2019,short,105,98,88,44,0.449,195,224.744,14.991,165.417,224.183,170,1.146,2050,12.059,2349,32681.25,354.328,2703.387,1994.731,0.077,19785,844234.897,1800.892,21585.98,17984.195
Omak Creek (below Mission Falls),Omak 16-1,OBMEP-545,2019,long,105,5,4,2,0.4,9,5,2.236,4.617,13.383,170,0.053,2050,12.059,109,727.076,52.85,161.38,55.679,0.248,4155,27450.366,324.736,4479.286,3829.815
Omak Creek (below Mission Falls),Omak 16-1,OBMEP-545,2020,short,100,76,77,28,0.368,206,559.893,23.662,159.726,252.481,170,1.212,2050,12.059,2485,81417.033,559.26,3044.625,1926.105,0.115,10818,629183.883,1554.694,12372.975,9263.588
Omak Creek (below Mission Falls),Omak 16-1,OBMEP-545,2020,long,100,32,30,19,0.594,50,17.415,4.173,41.971,58.329,170,0.295,2050,12.059,605,2532.458,98.634,703.384,506.116,0.083,5284,107014.417,641.176,5924.707,4642.355
Omak Creek (below Mission Falls),Omak 16-2,OBMEP-019,2017,long,95,53,37,20,0.377,97,118.653,10.893,75.364,118.064,150,0.645,4025,26.833,2595,85433.5,572.889,3168.055,2022.278,0.113,7264,171643.288,812.025,8076.495,6452.445
Omak Creek (below Mission Falls),Omak 16-2,OBMEP-019,2017,short,95,22,12,4,0.182,59,287.04,16.942,25.593,92.007,150,0.392,4025,26.833,1578,206676.773,891.05,2468.85,686.75,0.288,3976,775644.019,1726.185,5702.458,2250.089
Omak Creek (below Mission Falls),Omak 16-2,OBMEP-019,2018,long,105,20,13,3,0.15,73,624.75,24.995,23.51,121.49,150,0.483,4025,26.833,1945,449837.354,1314.57,3259.987,630.846,0.345,3101,463844.808,1334.881,4435.669,1765.908
Omak Creek (below Mission Falls),Omak 16-2,OBMEP-019,2018,short,105,15,19,3,0.2,79,768,27.713,24.683,133.317,150,0.527,4025,26.833,2120,552981.334,1457.509,3577.343,662.324,0.351,9360,1200456.876,2147.481,11507.06,7212.098
Omak Creek (below Mission Falls),Omak 16-2,OBMEP-019,2019,short,105,96,76,29,0.302,248,843.006,29.035,191.059,304.874,150,1.653,4025,26.833,6654,606988.088,1527.025,8180.797,5126.747,0.117,19785,844234.897,1800.892,21585.98,17984.195
Omak Creek (below Mission Falls),Omak 16-2,OBMEP-019,2019,long,105,30,19,13,0.433,43,21.51,4.638,34.195,52.376,150,0.289,4025,26.833,1162,15487.944,243.923,1405.423,917.577,0.107,4155,27450.366,324.736,4479.286,3829.815
Omak Creek (below Mission Falls),Omak 16-2,OBMEP-019,2020,short,100,75,46,21,0.28,161,433.184,20.813,120.57,202.157,150,1.076,4025,26.833,4330,311904.236,1094.628,5424.553,3235.296,0.129,10818,629183.883,1554.694,12372.975,9263.588
Omak Creek (below Mission Falls),Omak 16-2,OBMEP-019,2020,long,100,40,29,15,0.375,76,98.92,9.946,56.381,95.369,150,0.506,4025,26.833,2036,71225.174,523.086,2559.065,1512.893,0.131,5284,107014.417,641.176,5924.707,4642.355
Omak Creek (below Mission Falls),Omak 16-3,OBMEP-1213,2017,long,95,71,52,27,0.38,135,184.624,13.588,108.654,161.917,190,0.712,3837,20.195,2732,75294.523,537.821,3269.88,2194.238,0.1,7264,171643.288,812.025,8076.495,6452.445
Omak Creek (below Mission Falls),Omak 16-3,OBMEP-1213,2017,short,95,27,14,3,0.111,104,1386,37.229,31.031,176.969,190,0.547,3837,20.195,2100,565248.771,1473.587,3573.84,626.665,0.358,3976,775644.019,1726.185,5702.458,2250.089
Omak Creek (below Mission Falls),Omak 16-3,OBMEP-1213,2018,long,105,15,12,6,0.4,29,28.653,5.353,18.223,39.206,227,0.126,3837,16.903,485,8186.588,177.34,662.7,308.02,0.186,3101,463844.808,1334.881,4435.669,1765.908
Omak Creek (below Mission Falls),Omak 16-3,OBMEP-1213,2018,short,105,104,88,26,0.25,345,2214.012,47.053,252.887,437.336,227,1.52,3837,16.903,5833,632574.852,1558.878,7392.32,4274.564,0.136,9360,1200456.876,2147.481,11507.06,7212.098
Omak Creek (below Mission Falls),Omak 16-3,OBMEP-1213,2019,short,105,186,162,83,0.446,362,413.539,20.336,322.011,401.727,180,2.01,3837,21.317,7714,187912.044,849.637,8563.479,6864.205,0.056,19785,844234.897,1800.892,21585.98,17984.195
Omak Creek (below Mission Falls),Omak 16-3,OBMEP-1213,2019,long,105,60,55,41,0.683,80,11.979,3.461,73.55,87.117,180,0.446,3837,21.317,1712,5443.41,144.608,1857.047,1567.831,0.043,4155,27450.366,324.736,4479.286,3829.815
Omak Creek (below Mission Falls),Omak 16-3,OBMEP-1213,2020,short,100,65,48,19,0.292,161,513.59,22.663,116.281,205.119,180,0.893,3837,21.317,3426,233375.439,946.855,4372.444,2478.733,0.141,10818,629183.883,1554.694,12372.975,9263.588
Omak Creek (below Mission Falls),Omak 16-3,OBMEP-1213,2020,long,100,49,41,23,0.469,87,68.25,8.261,70.308,102.692,180,0.481,3837,21.317,1844,31012.819,345.165,2189.057,1498.727,0.096,5284,107014.417,641.176,5924.707,4642.355
Omak Creek (below Mission Falls),Omak 16-3,OBMEP-1213,2021,short,120,14,7,3,0.214,29,66,8.124,13.077,44.923,155,0.187,3837,24.755,718,40444.935,394.174,1112.064,323.716,0.28,921,40809.95,395.949,1316.668,524.771
Omak Creek (below Mission Falls),Omak 16-3,OBMEP-1213,2021,long,120,3,3,2,0.667,4,0.444,0.667,3.027,5.64,155,0.028,3837,24.755,107,272.356,32.346,139.617,74.925,0.154,224,650.998,50.009,273.662,173.644
Omak Creek (below Mission Falls),Omak 16-4,OBMEP-1701,2017,short,95,13,18,4,0.308,52,223.44,14.948,22.902,81.498,189,0.276,742,3.926,205,3443.857,115.021,319.955,89.912,0.286,3976,775644.019,1726.185,5702.458,2250.089
Omak Creek (below Mission Falls),Omak 16-4,OBMEP-1701,2017,long,95,56,68,23,0.411,163,405.591,20.139,123.402,202.348,189,0.862,742,3.926,639,6251.325,154.968,794.403,484.467,0.124,7264,171643.288,812.025,8076.495,6452.445
Omak Creek (below Mission Falls),Omak 16-4,OBMEP-417,2017,short,95,11,15,6,0.545,26,22.041,4.695,17.227,35.63,151,0.175,533,3.53,93,274.617,32.48,125.768,60.807,0.178,3976,775644.019,1726.185,5702.458,2250.089
Omak Creek (below Mission Falls),Omak 16-4,OBMEP-417,2017,long,95,89,75,35,0.393,189,308.108,17.553,154.596,223.404,151,1.252,533,3.53,667,3838.872,121.439,788.571,545.694,0.093,7264,171643.288,812.025,8076.495,6452.445
Omak Creek (below Mission Falls),Omak 16-4,OBMEP-1701,2018,long,105,41,36,18,0.439,81,89.107,9.44,62.288,99.291,226,0.357,742,3.283,265,960.517,60.745,325.992,204.502,0.117,3101,463844.808,1334.881,4435.669,1765.908
Omak Creek (below Mission Falls),Omak 16-4,OBMEP-1701,2018,short,105,124,88,34,0.274,317,1226.02,35.015,248.229,385.486,226,1.402,742,3.283,1040,13215.653,225.32,1265.621,814.981,0.111,9360,1200456.876,2147.481,11507.06,7212.098
Omak Creek (below Mission Falls),Omak 16-4,OBMEP-417,2018,long,105,45,42,28,0.622,67,18.659,4.32,58.74,75.673,160,0.42,533,3.331,224,207.062,28.204,252.087,195.679,0.064,3101,463844.808,1334.881,4435.669,1765.908
Omak Creek (below Mission Falls),Omak 16-4,OBMEP-417,2018,short,105,50,49,22,0.44,110,151.843,12.322,85.718,134.022,160,0.687,533,3.331,366,1685.037,80.456,446.459,285.547,0.112,9360,1200456.876,2147.481,11507.06,7212.098
Omak Creek (below Mission Falls),Omak 16-4,OBMEP-1701,2019,short,105,263,286,117,0.445,641,1128.274,33.59,575.266,706.938,201,3.19,742,3.692,2367,15375.53,243.036,2609.69,2123.618,0.052,19785,844234.897,1800.892,21585.98,17984.195
Omak Creek (below Mission Falls),Omak 16-4,OBMEP-1701,2019,long,105,125,119,54,0.432,274,411.917,20.296,234.129,313.689,201,1.363,742,3.692,1011,5613.397,146.848,1157.995,864.299,0.074,4155,27450.366,324.736,4479.286,3829.815
Omak Creek (below Mission Falls),Omak 16-4,OBMEP-417,2019,short,105,138,125,73,0.529,236,144.138,12.006,212.144,259.207,179,1.317,533,2.978,702,1277.985,70.068,771.828,631.693,0.051,19785,844234.897,1800.892,21585.98,17984.195
Omak Creek (below Mission Falls),Omak 16-4,OBMEP-417,2019,long,105,33,33,20,0.606,54,20.136,4.487,45.252,62.843,179,0.302,533,2.978,161,178.538,26.189,187.124,134.746,0.083,4155,27450.366,324.736,4479.286,3829.815
Omak Creek (below Mission Falls),Omak 16-4,OBMEP-1701,2020,short,100,71,43,23,0.324,131,211.2,14.533,102.516,159.484,226,0.58,742,3.283,430,2276.59,93.519,523.616,336.579,0.111,10818,629183.883,1554.694,12372.975,9263.588
Omak Creek (below Mission Falls),Omak 16-4,OBMEP-1701,2020,long,100,94,76,40,0.426,177,201.416,14.192,149.598,205.231,226,0.785,742,3.283,582,2171.123,91.327,673.812,491.158,0.08,5284,107014.417,641.176,5924.707,4642.355
Omak Creek (below Mission Falls),Omak 16-4,OBMEP-417,2020,short,100,32,25,16,0.5,49,23.751,4.873,39.919,59.023,179,0.276,533,2.978,147,210.585,28.443,175.749,118.864,0.099,10818,629183.883,1554.694,12372.975,9263.588
Omak Creek (below Mission Falls),Omak 16-4,OBMEP-417,2020,long,100,56,52,40,0.714,73,8.216,2.866,67.065,78.301,179,0.406,533,2.978,216,72.842,16.728,233.153,199.696,0.039,5284,107014.417,641.176,5924.707,4642.355
Omak Creek (below Mission Falls),Omak 16-4,OBMEP-1701,2021,short,120,3,2,2,0.667,3,0,0,3,3,151,0.02,742,4.914,15,0,0,14.742,14.742,0,921,40809.95,395.949,1316.668,524.771
Omak Creek (below Mission Falls),Omak 16-4,OBMEP-1701,2021,long,120,5,6,3,0.6,10,3.15,1.775,6.021,12.979,151,0.063,742,4.914,47,76.061,17.094,63.776,29.588,0.187,224,650.998,50.009,273.662,173.644
Omak Creek (below Mission Falls),Omak 16-4,OBMEP-417,2021,short,120,29,24,15,0.517,46,21.714,4.66,36.742,55.008,130,0.353,533,4.1,188,365.015,37.447,225.534,150.641,0.102,921,40809.95,395.949,1316.668,524.771
Omak Creek (below Mission Falls),Omak 16-4,OBMEP-417,2021,long,120,7,8,3,0.429,17,18,4.243,8.684,25.316,130,0.131,533,4.1,70,302.58,34.094,103.794,35.606,0.25,224,650.998,50.009,273.662,173.644
Salmon Creek,Salmon 16-1,OBMEP-1901,2019,short,105,0,2,0,0,2,0,0,2,2,140,0.014,3100,22.143,44,0,0,44.286,44.286,0,36239,2804163.621,3282.145,39521.382,32957.092
Salmon Creek,Salmon 16-1,OBMEP-1901,2019,long,105,24,14,11,0.458,30,7.813,2.795,24.772,35.728,140,0.216,3100,22.143,670,3830.517,121.307,791.128,548.515,0.092,27211,663699.96,1596.769,28807.322,25613.785
Salmon Creek,Salmon 16-1,OBMEP-1901,2020,long,100,63,55,32,0.508,108,69.016,8.308,91.323,123.889,150,0.717,3100,20.667,2224,29477.565,336.513,2560.372,1887.346,0.077,31715,1018986.66,1978.519,33693.567,29736.528
Salmon Creek,Salmon 16-1,OBMEP-1901,2020,short,100,1,0,0,0,1,0,0,1,1,150,0.007,3100,20.667,21,0,0,20.667,20.667,0,51691,10482343.54,6345.784,58037.272,45345.705
Salmon Creek,Salmon 16-1,OBMEP-1901,2021,short,112,4,1,1,0.25,4,0,0,4,4,157,0.025,3100,19.745,79,0,0,78.981,78.981,0,60414,5767788.589,4707.179,65120.83,55706.472
Salmon Creek,Salmon 16-1,OBMEP-1901,2021,long,112,53,46,30,0.566,81,30.371,5.511,70.069,91.673,157,0.515,3100,19.745,1597,11841.048,213.28,1810.096,1383.535,0.068,32827,977993.289,1938.313,34765.546,30888.919
Salmon Creek,Salmon 16-10,OBMEP-312,2017,short,95,86,76,33,0.384,196,377.336,19.425,157.956,234.103,150,1.307,6800,45.333,8887,775467.733,1725.989,10612.655,7160.678,0.099,27600,2424066.622,3051.605,30651.295,24548.085
Salmon Creek,Salmon 16-10,OBMEP-312,2017,long,95,117,107,72,0.615,174,50.899,7.134,159.592,187.559,150,1.157,6800,45.333,7869,104603.011,633.911,8502.66,7234.838,0.041,38556,1188138.443,2136.435,40692.866,36419.997
Salmon Creek,Salmon 16-10,OBMEP-312,2018,long,105,126,107,52,0.413,258,368.024,19.184,220.192,295.393,170,1.516,5600,32.941,8492,399350.836,1238.607,9730.593,7253.38,0.074,28092,1080708.529,2037.56,30129.586,26054.466
Salmon Creek,Salmon 16-10,OBMEP-312,2018,short,105,76,111,24,0.316,344,2400.922,48.999,247.922,439.998,170,2.023,5600,32.941,11330,2605290.704,3163.619,14494.066,8166.828,0.142,32413,4080456.88,3959.228,36372.555,28454.1
Salmon Creek,Salmon 16-10,OBMEP-312,2019,short,105,55,60,18,0.327,179,735.244,27.115,125.643,231.936,166,1.077,5600,33.735,6031,836741.977,1792.883,7824.335,4238.57,0.152,36239,2804163.621,3282.145,39521.382,32957.092
Salmon Creek,Salmon 16-10,OBMEP-312,2019,long,105,181,167,103,0.569,293,134.4,11.593,270.278,315.722,166,1.765,5600,33.735,9884,152953.404,766.541,10650.879,9117.796,0.04,27211,663699.96,1596.769,28807.322,25613.785
Salmon Creek,Salmon 16-10,OBMEP-312,2020,long,100,91,95,43,0.473,200,253.038,15.907,168.549,230.905,170,1.175,5600,32.941,6579,274576.893,1027.042,7606.293,5552.21,0.08,31715,1018986.66,1978.519,33693.567,29736.528
Salmon Creek,Salmon 16-10,OBMEP-312,2020,short,100,116,94,32,0.276,336,1563.413,39.54,258.32,413.317,170,1.975,5600,32.941,11062,1696492.16,2552.889,13615.135,8509.357,0.118,51691,10482343.54,6345.784,58037.272,45345.705
Salmon Creek,Salmon 16-10,OBMEP-312,2021,short,112,263,222,93,0.354,625,1538.042,39.218,548.431,702.165,170,3.678,5600,32.941,20598,1668961.507,2532.091,23130.138,18065.957,0.063,60414,5767788.589,4707.179,65120.83,55706.472
Salmon Creek,Salmon 16-10,OBMEP-312,2021,long,112,105,90,51,0.486,185,141.75,11.906,161.164,207.836,170,1.085,5600,32.941,6078,153815.917,768.7,6846.347,5308.947,0.065,32827,977993.289,1938.313,34765.546,30888.919
Salmon Creek,Salmon 16-11,OBMEP-1814,2018,long,105,198,182,120,0.606,300,98.596,9.93,280.505,319.429,192,1.562,1200,6.25,1875,3851.411,121.637,1996.43,1753.156,0.033,28092,1080708.529,2037.56,30129.586,26054.466
Salmon Creek,Salmon 16-11,OBMEP-1814,2018,short,105,185,164,76,0.411,398,636.546,25.23,348.121,447.022,192,2.071,1200,6.25,2485,24865.09,309.066,2793.887,2175.756,0.063,32413,4080456.88,3959.228,36372.555,28454.1
Salmon Creek,Salmon 16-12,OBMEP-552,2017,short,95,159,177,56,0.352,499,1883.583,43.4,413.585,583.714,193,2.584,3550,18.394,9172,637275.119,1564.658,10736.702,7607.385,0.087,27600,2424066.622,3051.605,30651.295,24548.085
Salmon Creek,Salmon 16-12,OBMEP-552,2017,long,95,244,246,136,0.557,441,277.562,16.66,408.061,473.369,193,2.283,3550,18.394,8106,93907.731,600.63,8707.051,7505.792,0.038,38556,1188138.443,2136.435,40692.866,36419.997
Salmon Creek,Salmon 16-12,OBMEP-552,2018,long,105,198,200,118,0.596,335,154.411,12.426,310.771,359.481,192,1.745,3550,18.49,6196,52787.617,450.321,6646.662,5746.02,0.037,28092,1080708.529,2037.56,30129.586,26054.466
Salmon Creek,Salmon 16-12,OBMEP-552,2018,short,105,170,145,65,0.382,377,718.564,26.806,324.733,429.813,192,1.965,3550,18.49,6976,245651.73,971.44,7947.056,6004.176,0.071,32413,4080456.88,3959.228,36372.555,28454.1
Salmon Creek,Salmon 16-12,OBMEP-552,2019,short,105,97,108,36,0.371,288,901.837,30.031,228.843,346.563,162,1.776,4750,29.321,8436,775327.254,1725.832,10161.56,6709.895,0.104,36239,2804163.621,3282.145,39521.382,32957.092
Salmon Creek,Salmon 16-12,OBMEP-552,2019,long,105,112,118,53,0.473,248,321.544,17.932,212.872,283.165,162,1.531,4750,29.321,7272,276438.008,1030.516,8302.664,6241.631,0.072,27211,663699.96,1596.769,28807.322,25613.785
Salmon Creek,Salmon 16-12,OBMEP-552,2020,long,100,119,91,41,0.345,262,567.632,23.825,215.16,308.554,164,1.597,4750,28.963,7584,476174.536,1352.506,8936.783,6231.771,0.091,31715,1018986.66,1978.519,33693.567,29736.528
Salmon Creek,Salmon 16-12,OBMEP-552,2020,short,100,139,102,24,0.173,576,7959.84,89.218,400.933,750.667,164,3.511,4750,28.963,16677,6677345.7,5064.75,21741.884,11612.384,0.155,51691,10482343.54,6345.784,58037.272,45345.705
Salmon Creek,Salmon 16-12,OBMEP-552,2021,short,112,211,189,97,0.46,410,444.319,21.079,368.706,451.335,163,2.515,4750,29.141,11948,377317.376,1203.953,13152.4,10744.495,0.051,60414,5767788.589,4707.179,65120.83,55706.472
Salmon Creek,Salmon 16-12,OBMEP-552,2021,long,112,234,195,127,0.543,359,158.565,12.592,334.163,383.525,163,2.201,4750,29.141,10457,134653.915,719.226,11176.329,9737.877,0.035,32827,977993.289,1938.313,34765.546,30888.919
Salmon Creek,Salmon 16-13,OBMEP-316,2017,short,95,19,29,7,0.368,74,275,16.583,41.497,106.503,60,1.233,1082,18.033,1334,89430.306,586.136,1920.603,748.331,0.224,27600,2424066.622,3051.605,30651.295,24548.085
Salmon Creek,Salmon 16-13,OBMEP-316,2017,long,95,35,27,10,0.286,91,295.041,17.177,56.97,124.303,60,1.511,1082,18.033,1634,95947.766,607.119,2241.594,1027.357,0.19,38556,1188138.443,2136.435,40692.866,36419.997
Salmon Creek,Salmon 16-13,OBMEP-316,2018,long,105,26,26,14,0.538,48,29.16,5.4,37.016,58.184,90,0.529,1082,12.022,572,4214.606,127.243,699.501,445.015,0.113,28092,1080708.529,2037.56,30129.586,26054.466
Salmon Creek,Salmon 16-13,OBMEP-316,2018,short,105,122,163,44,0.361,447,2010.054,44.834,359.393,535.141,90,4.97,1082,12.022,5377,290520.757,1056.44,6433.579,4320.7,0.1,32413,4080456.88,3959.228,36372.555,28454.1
Salmon Creek,Salmon 16-13,OBMEP-316,2019,short,105,28,30,10,0.357,81,222.893,14.93,51.465,109.989,90,0.897,1082,12.022,971,32215.515,351.794,1322.315,618.727,0.185,36239,2804163.621,3282.145,39521.382,32957.092
Salmon Creek,Salmon 16-13,OBMEP-316,2019,long,105,33,36,22,0.667,54,15.259,3.906,46.039,61.352,90,0.597,1082,12.022,646,2205.484,92.047,737.588,553.494,0.073,27211,663699.96,1596.769,28807.322,25613.785
Salmon Creek,Salmon 16-13,OBMEP-316,2020,long,100,93,91,50,0.538,169,112.726,10.617,147.759,189.378,90,1.873,1082,12.022,2027,16292.728,250.18,2276.75,1776.389,0.063,31715,1018986.66,1978.519,33693.567,29736.528
Salmon Creek,Salmon 16-13,OBMEP-316,2020,short,100,58,57,19,0.328,170,603.739,24.571,121.941,218.259,90,1.89,1082,12.022,2045,87260.646,578.982,2623.962,1465.998,0.144,51691,10482343.54,6345.784,58037.272,45345.705
Salmon Creek,Salmon 16-13,OBMEP-316,2021,short,112,47,50,20,0.426,116,204.378,14.296,87.551,143.592,90,1.284,1082,12.022,1389,29539.604,336.867,1726.292,1052.558,0.124,60414,5767788.589,4707.179,65120.83,55706.472
Salmon Creek,Salmon 16-13,OBMEP-316,2021,long,112,39,31,15,0.385,79,112.941,10.627,58.17,99.83,90,0.878,1082,12.022,950,16323.82,250.419,1200.174,699.337,0.135,32827,977993.289,1938.313,34765.546,30888.919
Salmon Creek,Salmon 16-2,OBMEP-090,2017,short,95,2,3,0,0,11,36,6,-0.76,22.76,90,0.122,1399,15.544,171,8698.671,182.803,353.792,-11.814,0.545,27600,2424066.622,3051.605,30651.295,24548.085
Salmon Creek,Salmon 16-2,OBMEP-090,2017,long,95,37,34,20,0.541,62,32.626,5.712,51.138,73.529,90,0.693,1399,15.544,969,7883.476,174.026,1142.963,794.911,0.092,38556,1188138.443,2136.435,40692.866,36419.997
Salmon Creek,Salmon 16-2,OBMEP-090,2018,long,105,66,58,39,0.591,98,30.913,5.56,86.928,108.722,213,0.459,1399,6.568,643,1333.572,71.575,714.097,570.946,0.057,28092,1080708.529,2037.56,30129.586,26054.466
Salmon Creek,Salmon 16-2,OBMEP-090,2018,short,105,18,20,6,0.333,56,171,13.077,30.37,81.63,213,0.263,1399,6.568,368,7376.873,168.342,536.154,199.47,0.234,32413,4080456.88,3959.228,36372.555,28454.1
Salmon Creek,Salmon 16-2,OBMEP-090,2019,short,105,18,24,11,0.611,39,23.09,4.805,29.165,48.002,60,0.643,1399,23.317,900,12553.421,219.602,1119.237,680.032,0.125,36239,2804163.621,3282.145,39521.382,32957.092
Salmon Creek,Salmon 16-2,OBMEP-090,2019,long,105,41,31,19,0.463,66,42.24,6.499,53.462,78.938,60,1.103,1399,23.317,1544,22964.492,297.019,1840.583,1246.544,0.098,27211,663699.96,1596.769,28807.322,25613.785
Salmon Creek,Salmon 16-2,OBMEP-090,2020,long,100,119,124,72,0.605,204,92.964,9.642,185.582,223.377,150,1.363,1399,9.327,1907,8086.637,176.254,2083.366,1730.857,0.047,31715,1018986.66,1978.519,33693.567,29736.528
Salmon Creek,Salmon 16-2,OBMEP-090,2020,short,100,39,24,13,0.333,70,97.279,9.863,51.097,89.76,150,0.47,1399,9.327,657,8461.973,180.298,837.162,476.565,0.14,51691,10482343.54,6345.784,58037.272,45345.705
Salmon Creek,Salmon 16-2,OBMEP-090,2021,short,112,105,110,37,0.352,309,1037.12,32.204,245.511,371.752,154,2.004,1399,9.084,2804,85589.957,573.413,3377.15,2230.325,0.104,60414,5767788.589,4707.179,65120.83,55706.472
Salmon Creek,Salmon 16-2,OBMEP-090,2021,long,112,52,53,27,0.519,101,81.822,9.046,83.485,118.944,154,0.657,1399,9.084,919,6752.474,161.06,1080.533,758.413,0.089,32827,977993.289,1938.313,34765.546,30888.919
Salmon Creek,Salmon 16-3,OBMEP-1215,2017,short,95,25,23,8,0.32,68,196.444,14.016,40.862,95.804,170,0.402,2596,15.271,1043,45809.05,419.5,1462.99,623.99,0.205,27600,2424066.622,3051.605,30651.295,24548.085
Salmon Creek,Salmon 16-3,OBMEP-1215,2017,long,95,52,52,29,0.558,93,53.26,7.298,78.329,106.937,170,0.545,2596,15.271,1415,12419.804,218.431,1632.996,1196.135,0.079,38556,1188138.443,2136.435,40692.866,36419.997
Salmon Creek,Salmon 16-3,OBMEP-1215,2018,long,105,35,22,11,0.314,68,116.769,10.806,46.82,89.18,112,0.607,2596,23.179,1576,62733.822,490.916,2067.059,1085.227,0.159,28092,1080708.529,2037.56,30129.586,26054.466
Salmon Creek,Salmon 16-3,OBMEP-1215,2018,short,105,16,11,6,0.375,28,26.02,5.101,18.145,38.141,112,0.251,2596,23.179,652,13979.365,231.739,884.051,420.572,0.181,32413,4080456.88,3959.228,36372.555,28454.1
Salmon Creek,Salmon 16-3,OBMEP-1215,2019,short,105,194,150,51,0.263,565,2908.709,53.932,459.542,670.958,170,3.325,2596,15.271,8632,678284.304,1614.217,10245.917,7017.483,0.095,36239,2804163.621,3282.145,39521.382,32957.092
Salmon Creek,Salmon 16-3,OBMEP-1215,2019,long,105,31,35,19,0.613,57,26.331,5.131,46.542,66.658,170,0.333,2596,15.271,864,6140.249,153.585,1017.9,710.73,0.091,27211,663699.96,1596.769,28807.322,25613.785
Salmon Creek,Salmon 16-3,OBMEP-1215,2020,long,100,118,83,46,0.39,212,251.144,15.848,180.62,242.742,170,1.245,2596,15.271,3232,58564.582,474.322,3706.813,2758.169,0.075,31715,1018986.66,1978.519,33693.567,29736.528
Salmon Creek,Salmon 16-3,OBMEP-1215,2020,short,100,103,92,37,0.359,254,623.435,24.969,204.588,302.465,170,1.491,2596,15.271,3871,145379.324,747.321,4618.817,3124.175,0.098,51691,10482343.54,6345.784,58037.272,45345.705
Salmon Creek,Salmon 16-3,OBMEP-1215,2021,short,112,38,35,16,0.421,82,112.817,10.622,60.77,102.406,125,0.653,2596,20.768,1694,48658.912,432.352,2126.776,1262.073,0.13,60414,5767788.589,4707.179,65120.83,55706.472
Salmon Creek,Salmon 16-3,OBMEP-1215,2021,long,112,33,29,14,0.424,67,80.75,8.986,49.387,84.613,125,0.536,2596,20.768,1391,34828.268,365.782,1757.238,1025.674,0.134,32827,977993.289,1938.313,34765.546,30888.919
Salmon Creek,Salmon 16-4,OBMEP-424,2017,short,95,44,33,7,0.159,190,2555.313,50.55,91.172,289.328,155,1.227,2403,15.503,2949,614169.385,1536.032,4485.52,1413.457,0.266,27600,2424066.622,3051.605,30651.295,24548.085
Salmon Creek,Salmon 16-4,OBMEP-424,2017,long,95,110,91,29,0.264,339,1838.16,42.874,255.367,423.433,155,2.19,2403,15.503,5262,441801.774,1302.776,6564.571,3959.019,0.126,38556,1188138.443,2136.435,40692.866,36419.997
Salmon Creek,Salmon 16-4,OBMEP-424,2018,long,105,45,40,15,0.333,117,325.023,18.028,81.539,152.211,119,0.982,2403,20.193,2360,132534.116,713.543,3073.632,1646.547,0.154,28092,1080708.529,2037.56,30129.586,26054.466
Salmon Creek,Salmon 16-4,OBMEP-424,2018,short,105,13,22,5,0.385,53,173.778,13.182,26.829,78.504,119,0.443,2403,20.193,1064,70861.095,521.747,1585.26,541.766,0.25,32413,4080456.88,3959.228,36372.555,28454.1
Salmon Creek,Salmon 16-4,OBMEP-424,2019,short,105,268,233,112,0.418,556,816.237,28.57,500.047,612.041,178,3.124,2403,13.5,7507,148759.224,755.959,8262.556,6750.639,0.051,36239,2804163.621,3282.145,39521.382,32957.092
Salmon Creek,Salmon 16-4,OBMEP-424,2019,long,105,66,58,29,0.439,131,152.028,12.33,106.6,154.933,178,0.735,2403,13.5,1765,27707.023,326.25,2091.6,1439.1,0.094,27211,663699.96,1596.769,28807.322,25613.785
Salmon Creek,Salmon 16-4,OBMEP-424,2020,long,100,99,89,37,0.374,236,515.235,22.699,191.352,280.332,160,1.474,2403,15.019,3542,116217.979,668.179,4210.232,2873.875,0.096,31715,1018986.66,1978.519,33693.567,29736.528
Salmon Creek,Salmon 16-4,OBMEP-424,2020,short,100,83,78,18,0.217,348,3584.543,59.871,230.916,465.61,160,2.177,2403,15.019,5230,808539.728,1762.409,6992.887,3468.068,0.172,51691,10482343.54,6345.784,58037.272,45345.705
Salmon Creek,Salmon 16-4,OBMEP-424,2021,short,112,138,130,39,0.283,454,2500.684,50.007,356.212,552.238,148,3.069,2403,16.236,7375,659239.094,1591.393,8966.411,5783.625,0.11,60414,5767788.589,4707.179,65120.83,55706.472
Salmon Creek,Salmon 16-4,OBMEP-424,2021,long,112,56,48,13,0.232,199,1429.75,37.812,124.388,272.612,148,1.341,2403,16.236,3223,376915.689,1203.312,4426.254,2019.631,0.19,32827,977993.289,1938.313,34765.546,30888.919
Salmon Creek,Salmon 16-7,OBMEP-297,2017,short,95,34,35,16,0.471,73,82.837,9.102,55.279,90.957,170,0.43,9399,55.288,4043,253216.359,986.284,5028.83,3056.262,0.124,27600,2424066.622,3051.605,30651.295,24548.085
Salmon Creek,Salmon 16-7,OBMEP-297,2017,long,95,141,130,76,0.539,241,141.186,11.882,217.295,263.873,170,1.415,9399,55.288,13301,431574.881,1287.609,14589.097,12013.878,0.049,38556,1188138.443,2136.435,40692.866,36419.997
Salmon Creek,Salmon 16-7,OBMEP-297,2018,long,105,65,57,27,0.415,136,191.939,13.854,108.56,162.869,200,0.679,9399,46.995,6378,423902.549,1276.113,7654.006,5101.78,0.102,28092,1080708.529,2037.56,30129.586,26054.466
Salmon Creek,Salmon 16-7,OBMEP-297,2018,short,105,25,30,8,0.32,89,372.153,19.291,50.745,126.366,200,0.443,9399,46.995,4162,821911.265,1776.923,5938.591,2384.746,0.218,32413,4080456.88,3959.228,36372.555,28454.1
Salmon Creek,Salmon 16-7,OBMEP-297,2019,short,105,32,33,13,0.406,79,145.02,12.042,55.54,102.746,200,0.396,9399,46.995,3719,320281.926,1109.232,4828.55,2610.087,0.152,36239,2804163.621,3282.145,39521.382,32957.092
Salmon Creek,Salmon 16-7,OBMEP-297,2019,long,105,49,52,26,0.531,97,77.636,8.811,79.878,114.418,200,0.486,9399,46.995,4565,171460.784,811.593,5377.071,3753.884,0.091,27211,663699.96,1596.769,28807.322,25613.785
Salmon Creek,Salmon 16-7,OBMEP-297,2020,long,100,65,60,44,0.677,88,14.522,3.811,80.998,95.936,180,0.491,9399,52.217,4619,39595.741,390.014,5009.449,4229.42,0.043,31715,1018986.66,1978.519,33693.567,29736.528
Salmon Creek,Salmon 16-7,OBMEP-297,2020,short,100,117,84,42,0.359,232,388.349,19.707,193.631,270.881,180,1.29,9399,52.217,12128,1058864.012,2016.862,14144.486,10110.763,0.085,51691,10482343.54,6345.784,58037.272,45345.705
Salmon Creek,Salmon 16-7,OBMEP-297,2021,short,112,84,98,30,0.357,270,1004.809,31.699,208.322,332.581,175,1.545,9399,53.709,14526,2898482.14,3336.886,17862.456,11188.684,0.117,60414,5767788.589,4707.179,65120.83,55706.472
Salmon Creek,Salmon 16-7,OBMEP-297,2021,long,112,94,80,49,0.521,153,84.192,9.176,134.916,170.884,175,0.874,9399,53.709,8212,242862.157,965.909,9177.949,7246.132,0.06,32827,977993.289,1938.313,34765.546,30888.919
Tonasket Creek,Tonasket 16-2,OBMEP-568,2017,long,95,103,105,80,0.777,135,11.782,3.433,128.371,141.826,150,0.901,1580,10.533,1423,1307.238,70.865,1493.906,1352.175,0.025,1423,1307.238,70.865,1493.906,1352.175
Tonasket Creek,Tonasket 16-2,OBMEP-568,2017,short,95,284,242,128,0.451,536,569.322,23.86,489.094,582.627,150,3.572,1580,10.533,5644,63166.886,492.607,6137.004,5151.79,0.045,5644,63166.886,492.607,6137.004,5151.79
Tonasket Creek,Tonasket 16-2,OBMEP-568,2018,long,105,101,130,68,0.673,193,82.032,9.057,174.9,210.404,84,2.293,1580,18.81,3624,29022.611,333.906,3957.602,3289.79,0.047,3624,29022.611,333.906,3957.602,3289.79
Tonasket Creek,Tonasket 16-2,OBMEP-568,2018,short,105,49,45,22,0.449,99,112.5,10.607,78.211,119.789,84,1.179,1580,18.81,1862,39802.296,391.03,2253.173,1471.113,0.107,1862,39802.296,391.03,2253.173,1471.113
Tonasket Creek,Tonasket 16-2,OBMEP-568,2019,long,105,27,18,15,0.556,32,4.401,2.098,28.138,36.362,150,0.215,1580,10.533,340,488.266,43.31,383.01,296.39,0.065,340,488.266,43.31,383.01,296.39
Tonasket Creek,Tonasket 16-2,OBMEP-568,2019,short,105,136,98,57,0.419,233,221.339,14.877,203.685,262.005,150,1.552,1580,10.533,2453,24557.851,307.151,2759.783,2145.482,0.064,2453,24557.851,307.151,2759.783,2145.482
Tonasket Creek,Tonasket 16-2,OBMEP-568,2020,long,95,31,32,23,0.742,43,5.28,2.298,38.496,47.504,114,0.377,1580,13.86,596,1014.235,62.42,658.385,533.545,0.053,596,1014.235,62.42,658.385,533.545
Tonasket Creek,Tonasket 16-2,OBMEP-568,2020,short,95,124,123,59,0.476,257,293.625,17.135,223.748,290.919,114,2.257,1580,13.86,3567,56402.346,465.484,4032.034,3101.066,0.067,3567,56402.346,465.484,4032.034,3101.066
Tonasket Creek,Tonasket 16-2,OBMEP-568,2021,long,95,9,12,9,1,12,0,0,12,12,132,0.091,1580,11.97,144,0,0,143.636,143.636,0,144,0,0,143.636,143.636
Tonasket Creek,Tonasket 16-2,OBMEP-568,2021,short,95,89,72,42,0.472,152,113.866,10.671,130.876,172.705,132,1.15,1580,11.97,1817,16314.028,250.344,2067.232,1566.545,0.07,1817,16314.028,250.344,2067.232,1566.545
Tunk Creek,Tunk 16-1,OBMEP-1204,2017,short,95,7,6,2,0.286,18,31.111,5.578,6.734,28.599,83,0.213,998,12.024,212,4498.01,131.452,343.877,80.974,0.316,212,4498.01,131.452,343.877,80.974
Tunk Creek,Tunk 16-1,OBMEP-1204,2017,long,95,9,9,7,0.778,12,0.694,0.833,9.867,13.133,83,0.139,998,12.024,138,100.402,19.639,157.916,118.638,0.072,138,100.402,19.639,157.916,118.638
Tunk Creek,Tunk 16-1,OBMEP-1204,2018,long,105,10,8,6,0.6,13,2.02,1.421,10.357,15.929,120,0.11,998,8.317,109,139.745,23.17,132.475,86.135,0.108,109,139.745,23.17,132.475,86.135
Tunk Creek,Tunk 16-1,OBMEP-1204,2018,short,105,91,75,44,0.484,154,109.365,10.458,133.881,174.875,120,1.286,998,8.317,1284,7564.439,170.469,1454.377,1113.44,0.068,1284,7564.439,170.469,1454.377,1113.44
Tunk Creek,Tunk 16-1,OBMEP-1204,2019,long,105,11,9,7,0.636,14,1.667,1.291,11.47,16.53,174,0.08,998,5.736,80,54.829,14.513,94.812,65.786,0.092,80,54.829,14.513,94.812,65.786
Tunk Creek,Tunk 16-1,OBMEP-1204,2019,short,105,277,290,150,0.542,535,415.023,20.372,494.819,574.678,174,3.073,998,5.736,3067,13653.206,229.02,3296.14,2838.1,0.038,3067,13653.206,229.02,3296.14,2838.1
Tunk Creek,Tunk 16-1,OBMEP-1204,2020,long,95,30,31,20,0.667,46,11.247,3.354,39.665,52.811,145,0.319,998,6.883,318,532.805,45.242,363.487,273.004,0.073,318,532.805,45.242,363.487,273.004
Tunk Creek,Tunk 16-1,OBMEP-1204,2020,short,95,215,215,118,0.549,391,258.331,16.073,359.565,422.57,145,2.697,998,6.883,2692,12237.73,216.824,2908.445,2474.798,0.041,2692,12237.73,216.824,2908.445,2474.798
Tunk Creek,Tunk 16-1,OBMEP-1204,2021,long,95,7,5,3,0.429,11,4.8,2.191,6.706,15.294,179,0.061,998,5.575,61,149.209,23.942,85.271,37.388,0.199,61,149.209,23.942,85.271,37.388
Tunk Creek,Tunk 16-1,OBMEP-1204,2021,short,95,1,0,0,0,1,0,0,1,1,179,0.006,998,5.575,6,0,0,5.575,5.575,0,6,0,0,5.575,5.575
Wanacut Creek,Wanacut 16-3,OBMEP-357,2017,short,95,75,88,28,0.373,232,756.024,27.496,178.349,286.133,100,2.322,1448,14.48,3363,158515.809,780.355,4143.21,2582.5,0.118,3363,158515.809,780.355,4143.21,2582.5
Wanacut Creek,Wanacut 16-3,OBMEP-357,2017,long,95,88,103,62,0.705,146,38.844,6.232,133.705,158.136,100,1.459,1448,14.48,2113,8144.353,176.882,2289.813,1936.048,0.043,2113,8144.353,176.882,2289.813,1936.048
Wanacut Creek,Wanacut 16-3,OBMEP-357,2018,long,105,155,143,119,0.768,186,11.139,3.338,179.658,192.742,153,1.217,1448,9.464,1762,997.717,61.91,1824.116,1700.297,0.018,1762,997.717,61.91,1824.116,1700.297
Wanacut Creek,Wanacut 16-3,OBMEP-357,2018,short,105,121,99,49,0.405,243,344.471,18.56,206.623,279.377,153,1.588,1448,9.464,2300,30853.64,344.278,2644.043,1955.487,0.076,2300,30853.64,344.278,2644.043,1955.487
Wanacut Creek,Wanacut 16-3,OBMEP-357,2019,short,85,84,67,28,0.333,198,500.338,22.368,154.469,242.152,154,1.288,1448,9.403,1865,44234.274,412.226,2276.858,1452.406,0.113,1865,44234.274,412.226,2276.858,1452.406
Wanacut Creek,Wanacut 16-3,OBMEP-357,2019,long,85,100,87,71,0.71,122,10.898,3.301,115.974,128.915,154,0.795,1448,9.403,1151,963.451,60.837,1212.133,1090.458,0.027,1151,963.451,60.837,1212.133,1090.458
Wanacut Creek,Wanacut 16-3,OBMEP-357,2020,long,100,50,48,37,0.74,65,6.346,2.519,59.826,69.7,154,0.421,1448,9.403,609,561.004,46.424,655.366,562.518,0.039,609,561.004,46.424,655.366,562.518
Wanacut Creek,Wanacut 16-3,OBMEP-357,2020,short,100,109,104,56,0.514,202,155.927,12.487,177.157,226.106,154,1.309,1448,9.403,1896,13785.327,230.125,2125.986,1665.735,0.062,1896,13785.327,230.125,2125.986,1665.735
Wanacut Creek,Wanacut 16-3,OBMEP-357,2021,short,100,0,0,0,0,0,0,0,0,0,154,0,1448,9.403,0,0,0,0,0,0,0,0,0,0,0
Wanacut Creek,Wanacut 16-3,OBMEP-357,2021,long,100,54,61,47,0.87,70,2.96,1.72,66.67,73.414,154,0.455,1448,9.403,659,261.696,31.707,690.281,626.867,0.025,659,261.696,31.707,690.281,626.867
